2006010100
2006010106
2006010112
2006010118
2006010200
2006010206
2006010212
2006010218
2006010300
2006010306
2006010312
2006010318
2006010400
2006010406
2006010412
2006010418
2006010500
2006010506
2006010512
2006010518
2006010600
2006010606
2006010612
2006010618
2006010700
2006010706
2006010712
2006010718
2006010800
2006010806
2006010812
2006010818
2006010900
2006010906
2006010912
2006010918
2006011000
2006011006
2006011012
2006011018
2006011100
2006011106
2006011112
2006011118
2006011200
2006011206
2006011212
2006011218
2006011300
2006011306
2006011312
2006011318
2006011400
2006011406
2006011412
2006011418
2006011500
2006011506
2006011512
2006011518
2006011600
2006011606
2006011612
2006011618
2006011700
2006011706
2006011712
2006011718
2006011800
2006011806
2006011812
2006011818
2006011900
2006011906
2006011912
2006011918
2006012000
2006012006
2006012012
2006012018
2006012100
2006012106
2006012112
2006012118
2006012200
2006012206
2006012212
2006012218
2006012300
2006012306
2006012312
2006012318
2006012400
2006012406
2006012412
2006012418
2006012500
2006012506
2006012512
2006012518
2006012600
2006012606
2006012612
2006012618
2006012700
2006012706
2006012712
2006012718
2006012800
2006012806
2006012812
2006012818
2006012900
2006012906
2006012912
2006012918
2006013000
2006013006
2006013012
2006013018
2006013100
2006013106
2006013112
2006013118
2006020100
2006020106
2006020112
2006020118
2006020200
2006020206
2006020212
2006020218
2006020300
2006020306
2006020312
2006020318
2006020400
2006020406
2006020412
2006020418
2006020500
2006020506
2006020512
2006020518
2006020600
2006020606
2006020612
2006020618
2006020700
2006020706
2006020712
2006020718
2006020800
2006020806
2006020812
2006020818
2006020900
2006020906
2006020912
2006020918
2006021000
2006021006
2006021012
2006021018
2006021100
2006021106
2006021112
2006021118
2006021200
2006021206
2006021212
2006021218
2006021300
2006021306
2006021312
2006021318
2006021400
2006021406
2006021412
2006021418
2006021500
2006021506
2006021512
2006021518
2006021600
2006021606
2006021612
2006021618
2006021700
2006021706
2006021712
2006021718
2006021800
2006021806
2006021812
2006021818
2006021900
2006021906
2006021912
2006021918
2006022000
2006022006
2006022012
2006022018
2006022100
2006022106
2006022112
2006022118
2006022200
2006022206
2006022212
2006022218
2006022300
2006022306
2006022312
2006022318
2006022400
2006022406
2006022412
2006022418
2006022500
2006022506
2006022512
2006022518
2006022600
2006022606
2006022612
2006022618
2006022700
2006022706
2006022712
2006022718
2006022800
2006022806
2006022812
2006022818
2006030100
2006030106
2006030112
2006030118
2006030200
2006030206
2006030212
2006030218
2006030300
2006030306
2006030312
2006030318
2006030400
2006030406
2006030412
2006030418
2006030500
2006030506
2006030512
2006030518
2006030600
2006030606
2006030612
2006030618
2006030700
2006030706
2006030712
2006030718
2006030800
2006030806
2006030812
2006030818
2006030900
2006030906
2006030912
2006030918
2006031000
2006031006
2006031012
2006031018
2006031100
2006031106
2006031112
2006031118
2006031200
2006031206
2006031212
2006031218
2006031300
2006031306
2006031312
2006031318
2006031400
2006031406
2006031412
2006031418
2006031500
2006031506
2006031512
2006031518
2006031600
2006031606
2006031612
2006031618
2006031700
2006031706
2006031712
2006031718
2006031800
2006031806
2006031812
2006031818
2006031900
2006031906
2006031912
2006031918
2006032000
2006032006
2006032012
2006032018
2006032100
2006032106
2006032112
2006032118
2006032200
2006032206
2006032212
2006032218
2006032300
2006032306
2006032312
2006032318
2006032400
2006032406
2006032412
2006032418
2006032500
2006032506
2006032512
2006032518
2006032600
2006032606
2006032612
2006032618
2006032700
2006032706
2006032712
2006032718
2006032800
2006032806
2006032812
2006032818
2006032900
2006032906
2006032912
2006032918
2006033000
2006033006
2006033012
2006033018
2006033100
2006033106
2006033112
2006033118
2006040100
2006040106
2006040112
2006040118
2006040200
2006040206
2006040212
2006040218
2006040300
2006040306
2006040312
2006040318
2006040400
2006040406
2006040412
2006040418
2006040500
2006040506
2006040512
2006040518
2006040600
2006040606
2006040612
2006040618
2006040700
2006040706
2006040712
2006040718
2006040800
2006040806
2006040812
2006040818
2006040900
2006040906
2006040912
2006040918
2006041000
2006041006
2006041012
2006041018
2006041100
2006041106
2006041112
2006041118
2006041200
2006041206
2006041212
2006041218
2006041300
2006041306
2006041312
2006041318
2006041400
2006041406
2006041412
2006041418
2006041500
2006041506
2006041512
2006041518
2006041600
2006041606
2006041612
2006041618
2006041700
2006041706
2006041712
2006041718
2006041800
2006041806
2006041812
2006041818
2006041900
2006041906
2006041912
2006041918
2006042000
2006042006
2006042012
2006042018
2006042100
2006042106
2006042112
2006042118
2006042200
2006042206
2006042212
2006042218
2006042300
2006042306
2006042312
2006042318
2006042400
2006042406
2006042412
2006042418
2006042500
2006042506
2006042512
2006042518
2006042600
2006042606
2006042612
2006042618
2006042700
2006042706
2006042712
2006042718
2006042800
2006042806
2006042812
2006042818
2006042900
2006042906
2006042912
2006042918
2006043000
2006043006
2006043012
2006043018
2006050100
2006050106
2006050112
2006050118
2006050200
2006050206
2006050212
2006050218
2006050300
2006050306
2006050312
2006050318
2006050400
2006050406
2006050412
2006050418
2006050500
2006050506
2006050512
2006050518
2006050600
2006050606
2006050612
2006050618
2006050700
2006050706
2006050712
2006050718
2006050800
2006050806
2006050812
2006050818
2006050900
2006050906
2006050912
2006050918
2006051000
2006051006
2006051012
2006051018
2006051100
2006051106
2006051112
2006051118
2006051200
2006051206
2006051212
2006051218
2006051300
2006051306
2006051312
2006051318
2006051400
2006051406
2006051412
2006051418
2006051500
2006051506
2006051512
2006051518
2006051600
2006051606
2006051612
2006051618
2006051700
2006051706
2006051712
2006051718
2006051800
2006051806
2006051812
2006051818
2006051900
2006051906
2006051912
2006051918
2006052000
2006052006
2006052012
2006052018
2006052100
2006052106
2006052112
2006052118
2006052200
2006052206
2006052212
2006052218
2006052300
2006052306
2006052312
2006052318
2006052400
2006052406
2006052412
2006052418
2006052500
2006052506
2006052512
2006052518
2006052600
2006052606
2006052612
2006052618
2006052700
2006052706
2006052712
2006052718
2006052800
2006052806
2006052812
2006052818
2006052900
2006052906
2006052912
2006052918
2006053000
2006053006
2006053012
2006053018
2006053100
2006053106
2006053112
2006053118
2006060100
2006060106
2006060112
2006060118
2006060200
2006060206
2006060212
2006060218
2006060300
2006060306
2006060312
2006060318
2006060400
2006060406
2006060412
2006060418
2006060500
2006060506
2006060512
2006060518
2006060600
2006060606
2006060612
2006060618
2006060700
2006060706
2006060712
2006060718
2006060800
2006060806
2006060812
2006060818
2006060900
2006060906
2006060912
2006060918
2006061000
2006061006
2006061012
2006061018
2006061100
2006061106
2006061112
2006061118
2006061200
2006061206
2006061212
2006061218
2006061300
2006061306
2006061312
2006061318
2006061400
2006061406
2006061412
2006061418
2006061500
2006061506
2006061512
2006061518
2006061600
2006061606
2006061612
2006061618
2006061700
2006061706
2006061712
2006061718
2006061800
2006061806
2006061812
2006061818
2006061900
2006061906
2006061912
2006061918
2006062000
2006062006
2006062012
2006062018
2006062100
2006062106
2006062112
2006062118
2006062200
2006062206
2006062212
2006062218
2006062300
2006062306
2006062312
2006062318
2006062400
2006062406
2006062412
2006062418
2006062500
2006062506
2006062512
2006062518
2006062600
2006062606
2006062612
2006062618
2006062700
2006062706
2006062712
2006062718
2006062800
2006062806
2006062812
2006062818
2006062900
2006062906
2006062912
2006062918
2006063000
2006063006
2006063012
2006063018
2006070100
2006070106
2006070112
2006070118
2006070200
2006070206
2006070212
2006070218
2006070300
2006070306
2006070312
2006070318
2006070400
2006070406
2006070412
2006070418
2006070500
2006070506
2006070512
2006070518
2006070600
2006070606
2006070612
2006070618
2006070700
2006070706
2006070712
2006070718
2006070800
2006070806
2006070812
2006070818
2006070900
2006070906
2006070912
2006070918
2006071000
2006071006
2006071012
2006071018
2006071100
2006071106
2006071112
2006071118
2006071200
2006071206
2006071212
2006071218
2006071300
2006071306
2006071312
2006071318
2006071400
2006071406
2006071412
2006071418
2006071500
2006071506
2006071512
2006071518
2006071600
2006071606
2006071612
2006071618
2006071700
2006071706
2006071712
2006071718
2006071800
2006071806
2006071812
2006071818
2006071900
2006071906
2006071912
2006071918
2006072000
2006072006
2006072012
2006072018
2006072100
2006072106
2006072112
2006072118
2006072200
2006072206
2006072212
2006072218
2006072300
2006072306
2006072312
2006072318
2006072400
2006072406
2006072412
2006072418
2006072500
2006072506
2006072512
2006072518
2006072600
2006072606
2006072612
2006072618
2006072700
2006072706
2006072712
2006072718
2006072800
2006072806
2006072812
2006072818
2006072900
2006072906
2006072912
2006072918
2006073000
2006073006
2006073012
2006073018
2006073100
2006073106
2006073112
2006073118
2006080100
2006080106
2006080112
2006080118
2006080200
2006080206
2006080212
2006080218
2006080300
2006080306
2006080312
2006080318
2006080400
2006080406
2006080412
2006080418
2006080500
2006080506
2006080512
2006080518
2006080600
2006080606
2006080612
2006080618
2006080700
2006080706
2006080712
2006080718
2006080800
2006080806
2006080812
2006080818
2006080900
2006080906
2006080912
2006080918
2006081000
2006081006
2006081012
2006081018
2006081100
2006081106
2006081112
2006081118
2006081200
2006081206
2006081212
2006081218
2006081300
2006081306
2006081312
2006081318
2006081400
2006081406
2006081412
2006081418
2006081500
2006081506
2006081512
2006081518
2006081600
2006081606
2006081612
2006081618
2006081700
2006081706
2006081712
2006081718
2006081800
2006081806
2006081812
2006081818
2006081900
2006081906
2006081912
2006081918
2006082000
2006082006
2006082012
2006082018
2006082100
2006082106
2006082112
2006082118
2006082200
2006082206
2006082212
2006082218
2006082300
2006082306
2006082312
2006082318
2006082400
2006082406
2006082412
2006082418
2006082500
2006082506
2006082512
2006082518
2006082600
2006082606
2006082612
2006082618
2006082700
2006082706
2006082712
2006082718
2006082800
2006082806
2006082812
2006082818
2006082900
2006082906
2006082912
2006082918
2006083000
2006083006
2006083012
2006083018
2006083100
2006083106
2006083112
2006083118
2006090100
2006090106
2006090112
2006090118
2006090200
2006090206
2006090212
2006090218
2006090300
2006090306
2006090312
2006090318
2006090400
2006090406
2006090412
2006090418
2006090500
2006090506
2006090512
2006090518
2006090600
2006090606
2006090612
2006090618
2006090700
2006090706
2006090712
2006090718
2006090800
2006090806
2006090812
2006090818
2006090900
2006090906
2006090912
2006090918
2006091000
2006091006
2006091012
2006091018
2006091100
2006091106
2006091112
2006091118
2006091200
2006091206
2006091212
2006091218
2006091300
2006091306
2006091312
2006091318
2006091400
2006091406
2006091412
2006091418
2006091500
2006091506
2006091512
2006091518
2006091600
2006091606
2006091612
2006091618
2006091700
2006091706
2006091712
2006091718
2006091800
2006091806
2006091812
2006091818
2006091900
2006091906
2006091912
2006091918
2006092000
2006092006
2006092012
2006092018
2006092100
2006092106
2006092112
2006092118
2006092200
2006092206
2006092212
2006092218
2006092300
2006092306
2006092312
2006092318
2006092400
2006092406
2006092412
2006092418
2006092500
2006092506
2006092512
2006092518
2006092600
2006092606
2006092612
2006092618
2006092700
2006092706
2006092712
2006092718
2006092800
2006092806
2006092812
2006092818
2006092900
2006092906
2006092912
2006092918
2006093000
2006093006
2006093012
2006093018
2006100100
2006100106
2006100112
2006100118
2006100200
2006100206
2006100212
2006100218
2006100300
2006100306
2006100312
2006100318
2006100400
2006100406
2006100412
2006100418
2006100500
2006100506
2006100512
2006100518
2006100600
2006100606
2006100612
2006100618
2006100700
2006100706
2006100712
2006100718
2006100800
2006100806
2006100812
2006100818
2006100900
2006100906
2006100912
2006100918
2006101000
2006101006
2006101012
2006101018
2006101100
2006101106
2006101112
2006101118
2006101200
2006101206
2006101212
2006101218
2006101300
2006101306
2006101312
2006101318
2006101400
2006101406
2006101412
2006101418
2006101500
2006101506
2006101512
2006101518
2006101600
2006101606
2006101612
2006101618
2006101700
2006101706
2006101712
2006101718
2006101800
2006101806
2006101812
2006101818
2006101900
2006101906
2006101912
2006101918
2006102000
2006102006
2006102012
2006102018
2006102100
2006102106
2006102112
2006102118
2006102200
2006102206
2006102212
2006102218
2006102300
2006102306
2006102312
2006102318
2006102400
2006102406
2006102412
2006102418
2006102500
2006102506
2006102512
2006102518
2006102600
2006102606
2006102612
2006102618
2006102700
2006102706
2006102712
2006102718
2006102800
2006102806
2006102812
2006102818
2006102900
2006102906
2006102912
2006102918
2006103000
2006103006
2006103012
2006103018
2006103100
2006103106
2006103112
2006103118
2006110100
2006110106
2006110112
2006110118
2006110200
2006110206
2006110212
2006110218
2006110300
2006110306
2006110312
2006110318
2006110400
2006110406
2006110412
2006110418
2006110500
2006110506
2006110512
2006110518
2006110600
2006110606
2006110612
2006110618
2006110700
2006110706
2006110712
2006110718
2006110800
2006110806
2006110812
2006110818
2006110900
2006110906
2006110912
2006110918
2006111000
2006111006
2006111012
2006111018
2006111100
2006111106
2006111112
2006111118
2006111200
2006111206
2006111212
2006111218
2006111300
2006111306
2006111312
2006111318
2006111400
2006111406
2006111412
2006111418
2006111500
2006111506
2006111512
2006111518
2006111600
2006111606
2006111612
2006111618
2006111700
2006111706
2006111712
2006111718
2006111800
2006111806
2006111812
2006111818
2006111900
2006111906
2006111912
2006111918
2006112000
2006112006
2006112012
2006112018
2006112100
2006112106
2006112112
2006112118
2006112200
2006112206
2006112212
2006112218
2006112300
2006112306
2006112312
2006112318
2006112400
2006112406
2006112412
2006112418
2006112500
2006112506
2006112512
2006112518
2006112600
2006112606
2006112612
2006112618
2006112700
2006112706
2006112712
2006112718
2006112800
2006112806
2006112812
2006112818
2006112900
2006112906
2006112912
2006112918
2006113000
2006113006
2006113012
2006113018
2006120100
2006120106
2006120112
2006120118
2006120200
2006120206
2006120212
2006120218
2006120300
2006120306
2006120312
2006120318
2006120400
2006120406
2006120412
2006120418
2006120500
2006120506
2006120512
2006120518
2006120600
2006120606
2006120612
2006120618
2006120700
2006120706
2006120712
2006120718
2006120800
2006120806
2006120812
2006120818
2006120900
2006120906
2006120912
2006120918
2006121000
2006121006
2006121012
2006121018
2006121100
2006121106
2006121112
2006121118
2006121200
2006121206
2006121212
2006121218
2006121300
2006121306
2006121312
2006121318
2006121400
2006121406
2006121412
2006121418
2006121500
2006121506
2006121512
2006121518
2006121600
2006121606
2006121612
2006121618
2006121700
2006121706
2006121712
2006121718
2006121800
2006121806
2006121812
2006121818
2006121900
2006121906
2006121912
2006121918
2006122000
2006122006
2006122012
2006122018
2006122100
2006122106
2006122112
2006122118
2006122200
2006122206
2006122212
2006122218
2006122300
2006122306
2006122312
2006122318
2006122400
2006122406
2006122412
2006122418
2006122500
2006122506
2006122512
2006122518
2006122600
2006122606
2006122612
2006122618
2006122700
2006122706
2006122712
2006122718
2006122800
2006122806
2006122812
2006122818
2006122900
2006122906
2006122912
2006122918
2006123000
2006123006
2006123012
2006123018
2006123100
2006123106
2006123112
2006123118
