2005010100
2005010106
2005010112
2005010118
2005010200
2005010206
2005010212
2005010218
2005010300
2005010306
2005010312
2005010318
2005010400
2005010406
2005010412
2005010418
2005010500
2005010506
2005010512
2005010518
2005010600
2005010606
2005010612
2005010618
2005010700
2005010706
2005010712
2005010718
2005010800
2005010806
2005010812
2005010818
2005010900
2005010906
2005010912
2005010918
2005011000
2005011006
2005011012
2005011018
2005011100
2005011106
2005011112
2005011118
2005011200
2005011206
2005011212
2005011218
2005011300
2005011306
2005011312
2005011318
2005011400
2005011406
2005011412
2005011418
2005011500
2005011506
2005011512
2005011518
2005011600
2005011606
2005011612
2005011618
2005011700
2005011706
2005011712
2005011718
2005011800
2005011806
2005011812
2005011818
2005011900
2005011906
2005011912
2005011918
2005012000
2005012006
2005012012
2005012018
2005012100
2005012106
2005012112
2005012118
2005012200
2005012206
2005012212
2005012218
2005012300
2005012306
2005012312
2005012318
2005012400
2005012406
2005012412
2005012418
2005012500
2005012506
2005012512
2005012518
2005012600
2005012606
2005012612
2005012618
2005012700
2005012706
2005012712
2005012718
2005012800
2005012806
2005012812
2005012818
2005012900
2005012906
2005012912
2005012918
2005013000
2005013006
2005013012
2005013018
2005013100
2005013106
2005013112
2005013118
2005020100
2005020106
2005020112
2005020118
2005020200
2005020206
2005020212
2005020218
2005020300
2005020306
2005020312
2005020318
2005020400
2005020406
2005020412
2005020418
2005020500
2005020506
2005020512
2005020518
2005020600
2005020606
2005020612
2005020618
2005020700
2005020706
2005020712
2005020718
2005020800
2005020806
2005020812
2005020818
2005020900
2005020906
2005020912
2005020918
2005021000
2005021006
2005021012
2005021018
2005021100
2005021106
2005021112
2005021118
2005021200
2005021206
2005021212
2005021218
2005021300
2005021306
2005021312
2005021318
2005021400
2005021406
2005021412
2005021418
2005021500
2005021506
2005021512
2005021518
2005021600
2005021606
2005021612
2005021618
2005021700
2005021706
2005021712
2005021718
2005021800
2005021806
2005021812
2005021818
2005021900
2005021906
2005021912
2005021918
2005022000
2005022006
2005022012
2005022018
2005022100
2005022106
2005022112
2005022118
2005022200
2005022206
2005022212
2005022218
2005022300
2005022306
2005022312
2005022318
2005022400
2005022406
2005022412
2005022418
2005022500
2005022506
2005022512
2005022518
2005022600
2005022606
2005022612
2005022618
2005022700
2005022706
2005022712
2005022718
2005022800
2005022806
2005022812
2005022818
2005030100
2005030106
2005030112
2005030118
2005030200
2005030206
2005030212
2005030218
2005030300
2005030306
2005030312
2005030318
2005030400
2005030406
2005030412
2005030418
2005030500
2005030506
2005030512
2005030518
2005030600
2005030606
2005030612
2005030618
2005030700
2005030706
2005030712
2005030718
2005030800
2005030806
2005030812
2005030818
2005030900
2005030906
2005030912
2005030918
2005031000
2005031006
2005031012
2005031018
2005031100
2005031106
2005031112
2005031118
2005031200
2005031206
2005031212
2005031218
2005031300
2005031306
2005031312
2005031318
2005031400
2005031406
2005031412
2005031418
2005031500
2005031506
2005031512
2005031518
2005031600
2005031606
2005031612
2005031618
2005031700
2005031706
2005031712
2005031718
2005031800
2005031806
2005031812
2005031818
2005031900
2005031906
2005031912
2005031918
2005032000
2005032006
2005032012
2005032018
2005032100
2005032106
2005032112
2005032118
2005032200
2005032206
2005032212
2005032218
2005032300
2005032306
2005032312
2005032318
2005032400
2005032406
2005032412
2005032418
2005032500
2005032506
2005032512
2005032518
2005032600
2005032606
2005032612
2005032618
2005032700
2005032706
2005032712
2005032718
2005032800
2005032806
2005032812
2005032818
2005032900
2005032906
2005032912
2005032918
2005033000
2005033006
2005033012
2005033018
2005033100
2005033106
2005033112
2005033118
2005040100
2005040106
2005040112
2005040118
2005040200
2005040206
2005040212
2005040218
2005040300
2005040306
2005040312
2005040318
2005040400
2005040406
2005040412
2005040418
2005040500
2005040506
2005040512
2005040518
2005040600
2005040606
2005040612
2005040618
2005040700
2005040706
2005040712
2005040718
2005040800
2005040806
2005040812
2005040818
2005040900
2005040906
2005040912
2005040918
2005041000
2005041006
2005041012
2005041018
2005041100
2005041106
2005041112
2005041118
2005041200
2005041206
2005041212
2005041218
2005041300
2005041306
2005041312
2005041318
2005041400
2005041406
2005041412
2005041418
2005041500
2005041506
2005041512
2005041518
2005041600
2005041606
2005041612
2005041618
2005041700
2005041706
2005041712
2005041718
2005041800
2005041806
2005041812
2005041818
2005041900
2005041906
2005041912
2005041918
2005042000
2005042006
2005042012
2005042018
2005042100
2005042106
2005042112
2005042118
2005042200
2005042206
2005042212
2005042218
2005042300
2005042306
2005042312
2005042318
2005042400
2005042406
2005042412
2005042418
2005042500
2005042506
2005042512
2005042518
2005042600
2005042606
2005042612
2005042618
2005042700
2005042706
2005042712
2005042718
2005042800
2005042806
2005042812
2005042818
2005042900
2005042906
2005042912
2005042918
2005043000
2005043006
2005043012
2005043018
2005050100
2005050106
2005050112
2005050118
2005050200
2005050206
2005050212
2005050218
2005050300
2005050306
2005050312
2005050318
2005050400
2005050406
2005050412
2005050418
2005050500
2005050506
2005050512
2005050518
2005050600
2005050606
2005050612
2005050618
2005050700
2005050706
2005050712
2005050718
2005050800
2005050806
2005050812
2005050818
2005050900
2005050906
2005050912
2005050918
2005051000
2005051006
2005051012
2005051018
2005051100
2005051106
2005051112
2005051118
2005051200
2005051206
2005051212
2005051218
2005051300
2005051306
2005051312
2005051318
2005051400
2005051406
2005051412
2005051418
2005051500
2005051506
2005051512
2005051518
2005051600
2005051606
2005051612
2005051618
2005051700
2005051706
2005051712
2005051718
2005051800
2005051806
2005051812
2005051818
2005051900
2005051906
2005051912
2005051918
2005052000
2005052006
2005052012
2005052018
2005052100
2005052106
2005052112
2005052118
2005052200
2005052206
2005052212
2005052218
2005052300
2005052306
2005052312
2005052318
2005052400
2005052406
2005052412
2005052418
2005052500
2005052506
2005052512
2005052518
2005052600
2005052606
2005052612
2005052618
2005052700
2005052706
2005052712
2005052718
2005052800
2005052806
2005052812
2005052818
2005052900
2005052906
2005052912
2005052918
2005053000
2005053006
2005053012
2005053018
2005053100
2005053106
2005053112
2005053118
2005060100
2005060106
2005060112
2005060118
2005060200
2005060206
2005060212
2005060218
2005060300
2005060306
2005060312
2005060318
2005060400
2005060406
2005060412
2005060418
2005060500
2005060506
2005060512
2005060518
2005060600
2005060606
2005060612
2005060618
2005060700
2005060706
2005060712
2005060718
2005060800
2005060806
2005060812
2005060818
2005060900
2005060906
2005060912
2005060918
2005061000
2005061006
2005061012
2005061018
2005061100
2005061106
2005061112
2005061118
2005061200
2005061206
2005061212
2005061218
2005061300
2005061306
2005061312
2005061318
2005061400
2005061406
2005061412
2005061418
2005061500
2005061506
2005061512
2005061518
2005061600
2005061606
2005061612
2005061618
2005061700
2005061706
2005061712
2005061718
2005061800
2005061806
2005061812
2005061818
2005061900
2005061906
2005061912
2005061918
2005062000
2005062006
2005062012
2005062018
2005062100
2005062106
2005062112
2005062118
2005062200
2005062206
2005062212
2005062218
2005062300
2005062306
2005062312
2005062318
2005062400
2005062406
2005062412
2005062418
2005062500
2005062506
2005062512
2005062518
2005062600
2005062606
2005062612
2005062618
2005062700
2005062706
2005062712
2005062718
2005062800
2005062806
2005062812
2005062818
2005062900
2005062906
2005062912
2005062918
2005063000
2005063006
2005063012
2005063018
2005070100
2005070106
2005070112
2005070118
2005070200
2005070206
2005070212
2005070218
2005070300
2005070306
2005070312
2005070318
2005070400
2005070406
2005070412
2005070418
2005070500
2005070506
2005070512
2005070518
2005070600
2005070606
2005070612
2005070618
2005070700
2005070706
2005070712
2005070718
2005070800
2005070806
2005070812
2005070818
2005070900
2005070906
2005070912
2005070918
2005071000
2005071006
2005071012
2005071018
2005071100
2005071106
2005071112
2005071118
2005071200
2005071206
2005071212
2005071218
2005071300
2005071306
2005071312
2005071318
2005071400
2005071406
2005071412
2005071418
2005071500
2005071506
2005071512
2005071518
2005071600
2005071606
2005071612
2005071618
2005071700
2005071706
2005071712
2005071718
2005071800
2005071806
2005071812
2005071818
2005071900
2005071906
2005071912
2005071918
2005072000
2005072006
2005072012
2005072018
2005072100
2005072106
2005072112
2005072118
2005072200
2005072206
2005072212
2005072218
2005072300
2005072306
2005072312
2005072318
2005072400
2005072406
2005072412
2005072418
2005072500
2005072506
2005072512
2005072518
2005072600
2005072606
2005072612
2005072618
2005072700
2005072706
2005072712
2005072718
2005072800
2005072806
2005072812
2005072818
2005072900
2005072906
2005072912
2005072918
2005073000
2005073006
2005073012
2005073018
2005073100
2005073106
2005073112
2005073118
2005080100
2005080106
2005080112
2005080118
2005080200
2005080206
2005080212
2005080218
2005080300
2005080306
2005080312
2005080318
2005080400
2005080406
2005080412
2005080418
2005080500
2005080506
2005080512
2005080518
2005080600
2005080606
2005080612
2005080618
2005080700
2005080706
2005080712
2005080718
2005080800
2005080806
2005080812
2005080818
2005080900
2005080906
2005080912
2005080918
2005081000
2005081006
2005081012
2005081018
2005081100
2005081106
2005081112
2005081118
2005081200
2005081206
2005081212
2005081218
2005081300
2005081306
2005081312
2005081318
2005081400
2005081406
2005081412
2005081418
2005081500
2005081506
2005081512
2005081518
2005081600
2005081606
2005081612
2005081618
2005081700
2005081706
2005081712
2005081718
2005081800
2005081806
2005081812
2005081818
2005081900
2005081906
2005081912
2005081918
2005082000
2005082006
2005082012
2005082018
2005082100
2005082106
2005082112
2005082118
2005082200
2005082206
2005082212
2005082218
2005082300
2005082306
2005082312
2005082318
2005082400
2005082406
2005082412
2005082418
2005082500
2005082506
2005082512
2005082518
2005082600
2005082606
2005082612
2005082618
2005082700
2005082706
2005082712
2005082718
2005082800
2005082806
2005082812
2005082818
2005082900
2005082906
2005082912
2005082918
2005083000
2005083006
2005083012
2005083018
2005083100
2005083106
2005083112
2005083118
2005090100
2005090106
2005090112
2005090118
2005090200
2005090206
2005090212
2005090218
2005090300
2005090306
2005090312
2005090318
2005090400
2005090406
2005090412
2005090418
2005090500
2005090506
2005090512
2005090518
2005090600
2005090606
2005090612
2005090618
2005090700
2005090706
2005090712
2005090718
2005090800
2005090806
2005090812
2005090818
2005090900
2005090906
2005090912
2005090918
2005091000
2005091006
2005091012
2005091018
2005091100
2005091106
2005091112
2005091118
2005091200
2005091206
2005091212
2005091218
2005091300
2005091306
2005091312
2005091318
2005091400
2005091406
2005091412
2005091418
2005091500
2005091506
2005091512
2005091518
2005091600
2005091606
2005091612
2005091618
2005091700
2005091706
2005091712
2005091718
2005091800
2005091806
2005091812
2005091818
2005091900
2005091906
2005091912
2005091918
2005092000
2005092006
2005092012
2005092018
2005092100
2005092106
2005092112
2005092118
2005092200
2005092206
2005092212
2005092218
2005092300
2005092306
2005092312
2005092318
2005092400
2005092406
2005092412
2005092418
2005092500
2005092506
2005092512
2005092518
2005092600
2005092606
2005092612
2005092618
2005092700
2005092706
2005092712
2005092718
2005092800
2005092806
2005092812
2005092818
2005092900
2005092906
2005092912
2005092918
2005093000
2005093006
2005093012
2005093018
2005100100
2005100106
2005100112
2005100118
2005100200
2005100206
2005100212
2005100218
2005100300
2005100306
2005100312
2005100318
2005100400
2005100406
2005100412
2005100418
2005100500
2005100506
2005100512
2005100518
2005100600
2005100606
2005100612
2005100618
2005100700
2005100706
2005100712
2005100718
2005100800
2005100806
2005100812
2005100818
2005100900
2005100906
2005100912
2005100918
2005101000
2005101006
2005101012
2005101018
2005101100
2005101106
2005101112
2005101118
2005101200
2005101206
2005101212
2005101218
2005101300
2005101306
2005101312
2005101318
2005101400
2005101406
2005101412
2005101418
2005101500
2005101506
2005101512
2005101518
2005101600
2005101606
2005101612
2005101618
2005101700
2005101706
2005101712
2005101718
2005101800
2005101806
2005101812
2005101818
2005101900
2005101906
2005101912
2005101918
2005102000
2005102006
2005102012
2005102018
2005102100
2005102106
2005102112
2005102118
2005102200
2005102206
2005102212
2005102218
2005102300
2005102306
2005102312
2005102318
2005102400
2005102406
2005102412
2005102418
2005102500
2005102506
2005102512
2005102518
2005102600
2005102606
2005102612
2005102618
2005102700
2005102706
2005102712
2005102718
2005102800
2005102806
2005102812
2005102818
2005102900
2005102906
2005102912
2005102918
2005103000
2005103006
2005103012
2005103018
2005103100
2005103106
2005103112
2005103118
2005110100
2005110106
2005110112
2005110118
2005110200
2005110206
2005110212
2005110218
2005110300
2005110306
2005110312
2005110318
2005110400
2005110406
2005110412
2005110418
2005110500
2005110506
2005110512
2005110518
2005110600
2005110606
2005110612
2005110618
2005110700
2005110706
2005110712
2005110718
2005110800
2005110806
2005110812
2005110818
2005110900
2005110906
2005110912
2005110918
2005111000
2005111006
2005111012
2005111018
2005111100
2005111106
2005111112
2005111118
2005111200
2005111206
2005111212
2005111218
2005111300
2005111306
2005111312
2005111318
2005111400
2005111406
2005111412
2005111418
2005111500
2005111506
2005111512
2005111518
2005111600
2005111606
2005111612
2005111618
2005111700
2005111706
2005111712
2005111718
2005111800
2005111806
2005111812
2005111818
2005111900
2005111906
2005111912
2005111918
2005112000
2005112006
2005112012
2005112018
2005112100
2005112106
2005112112
2005112118
2005112200
2005112206
2005112212
2005112218
2005112300
2005112306
2005112312
2005112318
2005112400
2005112406
2005112412
2005112418
2005112500
2005112506
2005112512
2005112518
2005112600
2005112606
2005112612
2005112618
2005112700
2005112706
2005112712
2005112718
2005112800
2005112806
2005112812
2005112818
2005112900
2005112906
2005112912
2005112918
2005113000
2005113006
2005113012
2005113018
2005120100
2005120106
2005120112
2005120118
2005120200
2005120206
2005120212
2005120218
2005120300
2005120306
2005120312
2005120318
2005120400
2005120406
2005120412
2005120418
2005120500
2005120506
2005120512
2005120518
2005120600
2005120606
2005120612
2005120618
2005120700
2005120706
2005120712
2005120718
2005120800
2005120806
2005120812
2005120818
2005120900
2005120906
2005120912
2005120918
2005121000
2005121006
2005121012
2005121018
2005121100
2005121106
2005121112
2005121118
2005121200
2005121206
2005121212
2005121218
2005121300
2005121306
2005121312
2005121318
2005121400
2005121406
2005121412
2005121418
2005121500
2005121506
2005121512
2005121518
2005121600
2005121606
2005121612
2005121618
2005121700
2005121706
2005121712
2005121718
2005121800
2005121806
2005121812
2005121818
2005121900
2005121906
2005121912
2005121918
2005122000
2005122006
2005122012
2005122018
2005122100
2005122106
2005122112
2005122118
2005122200
2005122206
2005122212
2005122218
2005122300
2005122306
2005122312
2005122318
2005122400
2005122406
2005122412
2005122418
2005122500
2005122506
2005122512
2005122518
2005122600
2005122606
2005122612
2005122618
2005122700
2005122706
2005122712
2005122718
2005122800
2005122806
2005122812
2005122818
2005122900
2005122906
2005122912
2005122918
2005123000
2005123006
2005123012
2005123018
2005123100
2005123106
2005123112
2005123118
